1003413
1003414
1004511
1005973
1006728
1006866
1007709
1009200
1009203
1009355
1010495
1011320
1011321
1011332
1011409
1011413
1011415
1011417
1011430
1011537
1011569
1011572
1011793
1012092
1012507
1012828
1012977
1013309
1013329
1013345
1013881
1014297
1014365
1014366
1014374
1014376
1014377
1015101
1015189
1016075
1016600
1016601
1016644
1016645
1016648
1016946
1016947
1016966
1016967
1017495
1017644
1017804
1030591
1030616
1032373
1033145
1034277
1034378
1036347
1037667
1038086
1038105
1046164
1046165
1047484
1047486
1047808
1050978
1059056
1059142
1059706
1060184
1061090
1062036
1062040
1062172
1062173
1062175
1062176
1064608
1065560
1065562
1065580
1065581
1066216
1066353
1066358
1066499
1066519
1066520
1066521
1066525
1066527
1066551
1066593
1066596
1066597
1066598
1066669
1066670
1066671
1066672
1066674
1066678
1066687
1066688
1067154
1067919
1069530
1070165
1070599
1070638
1070646
1071217
1071265
1071385
1074464
1074465
1074925
1074926
1074957
1075324
1075325
1076796
1079343
1079344
1079447
1079448
1081179
1081180
1081181
1081182
1081183
1081184
1081186
1081189
1081190
1081785
1081949
1082565
1082577
1082579
1082589
1082590
1083125
1083994
1085026
1085895
1086673
1086686
1086995
1087000
1087003
1087243
1087532
1087536
1087563
1088564
1088565
1088899
1088900
1088901
1089890
1090233
1090389
1090569
1090570
1091474
1091537
1091538
1091599
1091603
1091605
1091640
1091645
1091646
1091705
1091720
1092555
1092692
1092696
1102697
1106441
1106446
1107671
1107875
1109404
1117778
1117779
1117809
1117810
1117811
1118491
1118492
1118493
1118630
1118631
1118632
1118890
1118892
1118932
1119395
1119786
1119790
1119807
1119808
1119820
1119821
1119823
1120046
1120050
1120051
1120052
1120056
1120059
1120061
1120065
1120066
1120069
1120623
1121124
1122106
1122164
1122169
1122204
1122205
1122264
1122627
1122711
1122713
1122715
1122716
1122732
1122742
1122818
1122821
1122825
1122831
1122961
1122962
1123011
1123012
1123026
1123149
1123150
1123151
1123313
1123317
1123318
1123343
1124113
1124140
1124224
1124376
1124959
1125014
1125016
1125088
1125128
1125145
1125570
1125737
1125792
1125816
1125821
1125875
1125973
1128132
1129422
1130025
1131153
1131552
1131815
1131816
1131818
1132083
1132191
1132192
1132193
1132586
1133558
1134063
1134064
1134119
1134120
1134121
1134122
1134188
1134190
1134191
1134192
1134193
1134194
1134211
1134212
1134213
1134214
1134237
1134238
1136391
1136773
1136774
1136778
1138886
1140800
1141128
1141168
1141241
1141242
1141256
1141269
1141271
1142343
1142349
1142406
1142427
1142470
1142474
1142476
1142480
1142483
1142484
1142485
1142607
1143896
1144373
1144422
1144719
1144726
1144729
1144768
1144780
1144827
1144829
1144832
1144856
1144980
1145040
1145058
1145083
1145146
1145693
1149530
1150188
1150189
1150748
1150762
1150763
1150879
1150880
1158283
1158287
1160788
1160789
1162109
1167581
1167582
1168212
1168213
1168238
1168239
1168335
1168336
1168337
1170124
1170131
1170132
1170133
1170134
1170285
1170491
1170808
1170809
1171312
1171313
1171314
1171985
1171986
1171987
1171990
1171992
1172005
1172006
1172014
1172036
1172037
1172040
1172042
1172046
1172049
1172051
1172052
1172166
1172174
1172175
1172176
1172183
1172184
1172191
1172192
1172195
1172365
1172367
1172368
1172371
1172375
1172377
1172387
1172388
1172393
1172398
1172539
1172540
1172979
1173263
1173666
1173667
1173668
1173977
1173978
1173979
1174272
1174361
1174364
1174366
1174367
1174387
1174392
1174395
1174447
1174448
1174465
1174468
1174470
1174475
1174531
1174569
1174570
1174573
1174574
1174578
1174581
1174876
1174895
1175009
1175010
1175015
1175022
1175028
1175029
1175032
1175035
1175036
1175105
1175106
1175107
1175131
1175133
1175310
1175716
1175724
1175727
1175733
1175736
1175738
1175852
1175893
1175896
1175898
1175909
1176259
1176274
1176277
1176278
1176286
1176287
1176309
1176977
1176981
1176986
1176988
1177013
1177062
1177239
1177256
1177261
1177894
1178026
1178183
1181201
1181214
1181258
1181261
1181325
1181443
1181577
1181578
1183204
1183205
1183206
1183251
1183260
1183338
1183405
1183688
1183689
1183722
1183744
1185049
1186441
1186548
1186578
1186579
1186580
1186582
1186651
1186652
1186664
1186665
1186750
1186751
1187020
1187021
1187022
1187023
1187025
1187044
1187886
1187889
1187890
1187891
1187901
1187902
1187924
1187925
1187926
1187927
1187928
1187929
1188425
1188426
1188427
1188432
1188437
1188443
1188482
1188483
1188484
1188486
1188814
1188815
1188817
1188818
1188820
1188865
1188870
1188872
1188875
1189134
1189163
1189167
1189168
1191264
1191266
1191267
1192215
1192217
1192227
1192850
1192851
1192940
1192941
1192951
1192952
1192955
1192956
1193063
1193064
1193079
1193080
1193081
1193082
1193093
1194111
1195190
1195265
1195268
1195269
1195342
1195343
1195346
1195356
1195358
1195360
1195363
1195402
1195404
1196970
1197001
1197002
1197138
1197139
1197168
1197170
1197426
1197428
1197500
1197550
1197553
1197557
1197873
1197879
1197885
1197909
1197911
1197936
1197937
1197938
1197939
1197944
1197950
1197953
1197954
1198409
1198411
1198415
1198419
1198524
1198528
1198541
1198544
1198548
1198555
1198557
1198559
1198562
1198563
1198937
1198942
1198952
1198953
1198968
1199080
1199750
1199751
1199753
1199835
1200733
1202778
1203338
1203341
1224005
1224386
1224627
1224630
1227111
1237317
1237322
1237324
1237328
1237337
1237343
1237345
1237353
1237355
1237356
1237357
1237363
1237367
1237369
1237373
1237374
1237376
1237381
1237382
1237383
1237389
1237393
1237395
1237396
1237400
1237403
1237405
1237408
1237411
1237416
1237419
1237426
1237429
1237432
1237438
1237441
1237443
1237453
1237454
1237456
1237458
1237463
1237466
1237467
1237472
1237474
1237475
1237480
1237487
1237489
1237492
1237504
1237507
1237514
1237516
1237518
1237523
1237527
1237531
1237536
1237542
1237546
1237547
1237552
1237556
1237557
1237558
1237559
1237560
1237566
1237574
1237580
1237582
1237591
1237604
1237606
1237616
1237621
1237622
1237625
1237632
1237642
1237646
1237651
1237657
1237659
1237667
1237668
1237671
1237676
1237681
1237683
1237686
1237688
1237691
1237692
1237693
1237702
1237710
1237715
1237726
1237730
1237731
1237736
1237742
1237744
1237745
1237748
1237750
1237753
1237758
1237761
1237767
1237769
1237772
1237777
1237780
1237781
1237782
1237786
1237787
1237793
1237797
1237798
1237799
1237800
1237801
1237802
1237810
1237814
1237819
1237820
1237824
1237828
1237829
1237835
1237837
1237842
1237848
1237851
1237855
1237857
1237858
1237860
1237875
1237881
1237884
1237886
1237890
1237898
1237900
1237903
1237904
1237913
1237914
1237915
1237916
1237918
1237922
1237927
1237932
1237937
1237943
1237947
1237950
1237957
1237959
1237966
1237972
1237975
1237977
1237981
1237982
1237988
1237996
1237999
1238002
1238003
1238013
1238021
1238026
1238032
1238040
1238041
1238042
1238044
1238047
1238053
1238055
1238057
1238061
1238072
1238076
1238079
1238082
1238087
1238093
1238096
1238097
1238099
1238105
1238122
1238129
1238132
1238136
1238138
1238140
1238141
1238142
1238151
1238153
1238155
1238162
1238165
1238168
1238170
1238172
1238173
1238174
1238175
1238180
1238181
1238192
1238193
1238195
1238196
1238208
1238210
1238214
1238219
1238222
1238224
1238225
1238240
1238241
1238246
1238254
1238261
1238262
1238264
1238269
1238270
1238278
1238279
1238282
1238284
1238285
1238288
1238291
1238295
1238298
1238301
1238302
1238307
1238315
1238321
1238322
1238324
1238328
1238334
1238336
1238343
1238344
1238348
1238349
1238354
1238357
1238362
1238369
1238370
1238375
1238385
1238386
1238390
1238391
1238396
1238400
1238408
1238413
1238414
1238417
1238418
1238424
1238426
1238430
1238433
1238435
1238440
1238446
1238450
1238456
1238459
1238465
1238470
1238471
1238482
1238485
1238487
1238496
1238497
1238498
1238499
1238504
1238508
1238510
1238513
1238514
1238518
1238522
1238527
1238528
1238532
1238537
1238539
1238540
1238541
1238544
1238546
1238553
1238557
1238558
1238562
1238564
1238565
1238567
1238568
1238570
1238576
1238578
1238581
1238582
1238589
1238590
1238600
1238601
1238602
1238603
1238619
1238629
1238631
1238639
1238642
1238647
1238650
1238652
1238653
1238656
1238659
1238661
1238669
1238670
1238671
1238672
1238679
1238687
1238691
1238692
1238694
1238697
1238698
1238699
1238702
1238706
1238707
1238711
1238713
1238714
1238719
1238726
1238727
1238730
1238735
1238738
1238742
1238743
1238744
1238745
1238746
1238757
1238761
1238762
1238767
1238771
1238772
1238774
1238777
1238786
1238787
1238788
1238791
1238795
1238796
1238800
1238802
1238804
1238807
1238808
1238816
1238819
1238820
1238822
1238824
1238827
1238828
1238831
1238833
1238836
1238838
1238841
1238844
1238847
1238848
1238849
1238851
1238852
1238856
1238860
1238863
1238864
1238865
1238871
1238872
1238873
1238878
1238879
1238885
1238887
1238891
1238896
1238901
1238905
1238907
1238909
1238910
1238918
1238919
1238926
1238933
1238936
1238937
1238943
1238945
1238946
1238950
1238952
1238955
1238958
1238960
1238964
1238965
1238970
1238973
1238982
1238986
1238989
1238991
1238992
1238998
1239000
1239002
1239007
1239008
1239011
1239014
1239016
1239017
1239020
1239021
1239027
1239028
1239033
1239035
1239037
1239043
1239046
1239049
1239054
1239057
1239064
1239065
1239070
1239073
1239074
1239075
1239078
1239082
1239085
1239086
1239088
1239097
1239099
1239110
1239112
1239114
1239123
1239125
1239126
1239133
1239136
1239139
1239143
1239146
1239147
1239149
1239157
1239160
1239170
1239176
1239180
1239181
1239185
1239193
1239197
1239198
1239202
1239207
1239213
1239216
1239220
1239226
1239231
1239236
1239237
1239240
1239241
1239248
1239249
1239255
1239265
1239269
1239278
1239283
1239285
1239294
1239305
1239306
1239315
1239325
1239328
1239332
1239346
1239351
1239355
1239364
1239368
1239377
1239378
1239397
1239414
1239423
1239426
1239427
1239428
1239434
1239436
1239440
1239441
1239444
1239452
1239454
1239457
1239459
1239460
1239470
1239472
1239474
1239475
1239483
1239485
1239492
1239500
1239501
1239512
1239514
1239520
1239545
1239547
1239552
1239557
1239560
1239563
1239567
1239575
1239577
1239582
1239588
1239595
1239597
1239599
1239605
1239606
1239609
1239613
1239621
1239625
1239629
1239630
1239634
1239640
1239643
1239653
1239654
1239678
1239684
1239695
1239701
1239706
1239719
1239726
1239733
1239741
1239747
1239753
1239772
1239787
1239792
1239797
1239807
1239812
1239821
1239824
1239832
1239838
1239843
1239854
1239856
1239862
1239865
1239875
1239879
1239889
1239893
1239900
1239914
1239920
1239921
1239928
1239935
1239939
1239941
1239947
1239951
1239953
1239955
1239957
1239969
1239978
1239981
1239985
1239990
1239992
1239997
1240007
1240013
1240015
1240019
1240025
1240028
1240032
1240037
1240038
1240042
1240045
1240051
1240057
1240066
1240069
1240080
1240081
1240085
1240087
1240094
1240095
1240104
1240107
1240109
1240116
1240120
1240122
1240128
1240132
1240136
1240142
1240146
1240148
1240155
1240159
1240164
1240165
1240171
1240177
1240178
1240182
1240188
1240190
1240200
1240205
1240207
1240209
1240217
1240223
1240229
1240234
1240238
1240244
1240248
1240251
1240255
1240257
1240261
1240267
1240268
1240271
1240282
1240286
1240304
1240334
1240345
1240353
1240381
1240392
1240420
1240435
1240455
1240462
1240499
1240505
1240522
1240530
1240538
1240559
1240564
1240586
1240602
1240609
1240617
1240640
1240646
1240652
1240657
132642
1335024
1335025
1335029
1335030
1335031
1335032
1335034
1335035
1335036
1335040
1335041
1335042
1335043
1335047
1335049
1335050
1335053
1335056
1335057
1335058
1335061
1335062
1335063
1335064
1335066
1335067
1335076
1335079
1335082
1335083
1335883
1335884
1335885
1336475
1336476
1337396
1337553
1337554
1338940
1338942
1338943
1339408
1339409
1339411
1339412
1339486
1339487
1339929
1339930
1339931
1339932
1339935
1340095
1340198
1340199
1340200
1340201
1340203
1340291
1340292
1340332
1340333
1340568
1340862
1340864
1340866
1340870
1340872
1345582
1345712
1345802
1345803
1345804
1346762
1346763
1347148
1347149
1347152
1347207
1347371
1347377
1348030
1348031
1348032
1348033
1348036
1348047
1348107
1348108
1348109
1348111
1348112
1348113
1348115
1348118
1348119
1348120
1348122
1348123
1348126
1348130
1348131
1348132
1348167
1348171
1348174
1348186
1348261
1348262
1348268
1348270
1348378
1348380
1348381
1348382
1348383
1348384
1348388
1348390
1348396
1348397
1348399
1348400
1348403
1348409
1348410
1348411
1348413
1348488
1348491
1348496
1348498
1348502
1348509
1348512
1348513
1348514
1348807
1348809
1348811
1348813
1349520
1350258
1350261
1350262
1350263
1350264
1350291
1350292
1350329
1350330
1350337
1350427
1350428
1350433
1350475
1350476
1350479
1350482
1350587
1351036
1351037
1351042
1351043
1351046
1351111
1351112
1351114
1351115
1351121
1351123
1351127
1351128
1351181
1351182
1351185
1351190
1351193
1351196
1351200
1351203
1351239
1351241
1351242
1351248
1351250
1351251
1351252
1351253
1351257
1351260
1351261
1351273
1351274
1351275
1351277
1351278
1351279
1351280
1351281
1351282
1351283
1351466
1351498
1351673
1351674
1351675
1351679
1351874
1351875
1351981
1351982
1351983
1351984
1351985
1352152
1352153
1352155
1352156
1352157
1352158
1352159
1352160
1352161
1352860
1352861
1352863
1352916
1353041
1353043
1353048
1353050
1353052
1353054
1353493
1353497
1354022
1354023
1354028
1354029
1354252
1354262
1354264
1354274
1354275
1354276
1354277
1354279
1354280
1354380
1354470
1354471
1354476
1354479
1354486
1354492
1354497
1354498
1354499
1354503
1354504
1354635
1354636
1354893
1355053
1355055
1355056
1355198
1355201
1355202
1355203
1355277
1355279
1355280
1355283
1355289
1355973
1355975
1355977
1355982
1355983
1355996
1356819
1356820
1356823
1356824
1356825
1356831
1356835
1356865
1356866
1356867
1356869
1356871
1356873
1356874
1356878
1356886
1356887
1357113
1357114
1357115
1357259
1357266
1357269
1357272
1357790
1357890
1368410
1368411
1368578
1368580
1368581
1368887
1368888
1368889
1368890
1370330
1370438
1370761
1370763
1370764
1370765
1371361
1371362
1371439
1371441
1371442
1371443
1371445
1372996
1372997
1372998
1372999
1373000
1373316
1373317
1373968
1373969
1373970
1373972
1373973
1373974
1375520
1375522
1375523
1375524
1375525
1375526
1377181
1377182
1377183
1377542
1378108
1378109
1378324
1378366
1378367
1378369
1380636
1380638
1380640
1380642
1380652
1380653
1380691
1380692
1381064
1381067
1381068
1381069
1381071
1381782
1381784
1381785
1382294
1382296
1382297
1382298
1382299
1382301
1382302
1382303
1382304
1382305
1382307
1382308
1382309
1382310
1382311
1382312
1382313
1382314
1382316
1382317
1382318
1382319
1382320
1382321
1382324
1382325
1382326
1382327
1382328
1382329
1382331
1382332
1382333
1382335
1382337
1382338
1385135
1385136
1385250
1385252
1385253
1385254
1385255
1385370
1385372
1385373
1385374
1385376
1385377
1386148
1386154
1386155
1386157
1386158
1386159
1386160
1386162
1386163
1386164
1386165
1386166
1386167
1386169
1386170
1386172
1386173
1386175
1387326
1387377
1387412
1387551
1387552
1387555
1387556
1387557
1387558
1387559
1387955
1387956
1387957
1387958
1387960
1387961
1387962
1387963
1388859
1388861
1388862
1388863
1388864
1388865
1389205
1389206
1389369
1389371
1389372
1389373
1389374
1389377
1389513
1389514
1389664
1389934
1389937
1389939
1389940
1389942
1389944
1389948
1390558
1390954
1390960
1390961
1390968
1390977
1390980
1390989
1390992
1390996
1390997
1391005
1391007
1391008
1391440
1392299
1392300
1392302
1392303
1392305
1392307
1392309
1392311
1392312
1392498
1392500
1392502
1392503
1393470
1393473
1393479
1393482
1393485
1393488
1393494
1393498
1393500
1393503
1393510
1393514
1393517
1393520
1393531
1393534
1393641
1393644
1396910
1396911
1396912
1396913
1396914
1397039
1397040
1397041
1397151
1398264
1398318
1398319
1398575
1398576
1398577
1398952
1398953
1398956
1398959
1398961
1398965
1398966
1398968
1398970
1399132
1400349
1400352
1400356
1400360
1400365
1400405
1400409
1400413
1400900
1400906
1400909
1400910
1400917
1400918
1400922
1400926
1400927
1400928
1400929
1400930
1401072
1401073
1401076
1401077
1401078
1401079
1401080
1402293
1402294
1402295
1402296
1402297
1402298
1402484
1402485
1403174
1403536
1403537
1403820
1404008
1404009
1404010
1404011
1404012
1404628
1405144
1405391
1405392
1405393
1405394
1405395
1405396
1405397
1405398
1405399
1405401
1405402
1405403
1405556
1405673
1405764
1405765
1405767
1405768
1405769
1405776
1405869
1405870
1405871
1405872
1405873
1405874
1405875
1405876
1405877
1405878
1405944
1405946
1405947
1405948
1405949
1406176
1406177
1406179
1406180
1406181
1406184
1406185
1406337
1406338
1406345
1406346
1406348
1406350
1406351
1406352
1406353
1406355
1406584
1406585
1406587
1406588
1406589
1406590
1406591
1406592
1406593
1406758
1406759
1406760
1406761
1406762
1406763
1406806
1406807
1407583
1407584
1407944
1408151
1408152
1408153
1408154
1408282
1408283
1408284
1408285
1408286
1408287
1408288
1408289
1408290
1408291
1408292
1408293
1408294
1408295
1408424
1408574
1408743
1408744
1408745
1408746
1408747
1408841
1408842
1409961
1409963
1409964
1410355
1410358
1410359
1410360
1410361
1410362
1410364
1410365
1410366
1410368
1410369
1410496
1410883
1410884
1410886
1411012
1411014
1411017
1411118
1411120
1411232
1411233
1411234
1411235
1411237
1411241
1411402
1411403
1411408
1411687
1411688
1411930
1411931
1411932
1411994
1412129
1412130
1412131
1412132
1412133
1412382
1412384
1412386
1412388
1412391
1412395
1412518
1412601
1412740
1412790
1412792
1412793
1412794
1412796
1413209
1413210
1413211
1413213
1413217
1413219
1413222
1413224
1413225
1413226
1413228
1413326
1413355
1413897
1413899
1413902
1413904
1413909
1413912
1413918
1413919
1413920
1413922
1413927
1413929
1413955
1413956
1413957
1413960
1413961
1414057
1414065
1414073
1414076
1414080
1414081
1414082
1414084
1414086
1414090
1414094
1414095
1414100
1414104
1414105
1414107
1414108
1414143
1414145
1414668
1414672
214150
215178
215267
215459
215462
226755
229697
229698
231043
231080
237952
238261
238262
238967
240798
246770
247268
247565
250821
261600
262948
263865
266276
276567
278282
286336
308768
308774
309169
309357
309620
309676
309693
309695
310307
310376
310439
310533
315548
321418
325466
325470
325471
325475
325484
325509
325510
325511
334062
334065
334066
334067
334073
334074
340851
340853
346155
350664
350668
350924
369043
369044
369045
369046
369047
369048
369049
369050
369051
369052
369053
369054
369057
369058
369059
369060
369067
370408
370409
370418
370419
370420
370423
397597
397598
397601
397606
397607
397608
397609
397610
397611
397690
397705
397706
428348
430008
460802
461085
461740
488952
488953
488965
508663
508664
508974
511572
512730
513301
515153
515154
515173
517482
517518
517519
517520
517521
517534
517535
517536
517577
517884
518041
518193
518229
518230
518233
518332
540170
547047
547204
547639
551858
551990
553585
554928
555598
555805
555812
556932
556937
559043
566169
566214
566675
571452
572597
580893
599056
625734
627247
627414
627493
627633
627740
627883
627933
628203
628204
628670
629643
631848
632749
650734
654712
655373
655703
655707
655877
657925
657928
661258
661593
661912
662406
695800
695801
697967
698944
698946
698950
698951
699468
699470
699552
699613
700032
701395
701700
701706
702108
702110
702256
702273
704338
704341
704922
705529
705776
705779
705792
706040
706041
706066
706143
706548
709233
709838
710914
716943
716944
716945
716946
717052
717053
721851
721854
721855
721858
723545
723546
724546
724558
724563
724590
725897
726623
728765
756572
762340
766244
768980
769412
769416
773040
773694
773756
774577
774777
774779
780160
785447
786361
786363
787106
787108
796958
798193
798373
798375
804140
804178
804184
804202
804864
805123
807237
809425
868662
871664
887424
890022
890024
890026
890028
893207
893209
898379
898381
902239
907613
907619
907621
908125
910125
948630
953284
954622
957090
957093
958478
958505
958546
958550
958879
960156
960550
961552
962844
963096
966027
966033
966278
967429
968279
968280
970292
970294
971387
971393
971396
975306
976262
976294
976662
979377
979378
979927
979961
979969
983924
983970
984004
984045
984060
984150
984166
984186
984213
984219
984231
984236
984378
984397
984402
984405
984407
985447
